(36, 1534)
(36, 1535)
(36, 1536)
(36, 1537)
(36, 1538)
(36, 1539)
(37, 1539)
(38, 1539)
(39, 1539)
(40, 1539)
(41, 1539)
(42, 1539)
(43, 1539)
(44, 1539)
(45, 1539)
(46, 1539)
(47, 1539)
(48, 1539)
(49, 1539)
(50, 1539)
(51, 1539)
(52, 1539)
(53, 1539)
(54, 1539)
(55, 1539)
(56, 1539)
(57, 1539)
(58, 1539)
(59, 1539)
(60, 1539)
(61, 1539)
(62, 1539)
(63, 1539)
(64, 1539)
(65, 1539)
(66, 1539)
(67, 1539)
(68, 1539)
(69, 1539)
(70, 1539)
(71, 1539)
(72, 1539)
(73, 1539)
(74, 1539)
(75, 1539)
(76, 1539)
(77, 1539)
(78, 1539)
(79, 1539)
(80, 1539)
(81, 1539)
(82, 1539)
(83, 1539)
(84, 1539)
(85, 1539)
(86, 1539)
(87, 1539)
(88, 1539)
(89, 1539)
(90, 1539)
(91, 1539)
(92, 1539)
(93, 1539)
(94, 1539)
(95, 1539)
(96, 1539)
(97, 1539)
(98, 1539)
(99, 1539)
(100, 1539)
(101, 1539)
(102, 1539)
(103, 1539)
(104, 1539)
(105, 1539)
(106, 1539)
(107, 1539)
(108, 1539)
(109, 1539)
(110, 1539)
(111, 1539)
(112, 1539)
(113, 1539)
(114, 1539)
(115, 1539)
(116, 1539)
(117, 1539)
(118, 1539)
(119, 1539)
(120, 1539)
(121, 1539)
(122, 1539)
(123, 1539)
(124, 1539)
(125, 1539)
(126, 1539)
(127, 1539)
(128, 1539)
(129, 1539)
(130, 1539)
(131, 1539)
(132, 1539)
(133, 1539)
(134, 1539)
(135, 1539)
(136, 1539)
(137, 1540)
(138, 1540)
(139, 1540)
(140, 1540)
(141, 1540)
(142, 1540)
(143, 1540)
(144, 1540)
(145, 1540)
(146, 1540)
(147, 1540)
(148, 1540)
(149, 1540)
(150, 1540)
(151, 1540)
(152, 1540)
(153, 1540)
(154, 1540)
(155, 1540)
(156, 1540)
(157, 1540)
(158, 1540)
(159, 1540)
(160, 1540)
(161, 1540)
(162, 1540)
(163, 1540)
(164, 1540)
(165, 1540)
(166, 1540)
(167, 1540)
(168, 1540)
(169, 1540)
(170, 1540)
(171, 1540)
(172, 1540)
(173, 1540)
(174, 1540)
(175, 1540)
(176, 1540)
(177, 1540)
(178, 1540)
(179, 1540)
(180, 1540)
(181, 1540)
(182, 1540)
(183, 1540)
(184, 1540)
(185, 1540)
(186, 1540)
(187, 1540)
(188, 1540)
(189, 1540)
(190, 1540)
(191, 1540)
(192, 1540)
(193, 1540)
(194, 1540)
(195, 1540)
(196, 1540)
(197, 1540)
(198, 1540)
(199, 1540)
(200, 1540)
(201, 1540)
(202, 1540)
(203, 1540)
(204, 1540)
(205, 1540)
(206, 1540)
(207, 1540)
(208, 1540)
(209, 1540)
(210, 1540)
(211, 1540)
(212, 1540)
(213, 1540)
(214, 1540)
(215, 1540)
(216, 1540)
(217, 1540)
(218, 1540)
(219, 1540)
(220, 1540)
(221, 1540)
(222, 1540)
(223, 1540)
(224, 1541)
(225, 1541)
(226, 1541)
(227, 1541)
(228, 1541)
(229, 1541)
(230, 1541)
(231, 1541)
(232, 1541)
(233, 1541)
(234, 1541)
(235, 1541)
(236, 1541)
(237, 1541)
(238, 1541)
(239, 1541)
(240, 1541)
(241, 1541)
(242, 1541)
(243, 1541)
(244, 1541)
(245, 1541)
(246, 1541)
(247, 1541)
(248, 1541)
(249, 1541)
(250, 1541)
(251, 1541)
(252, 1541)
(253, 1541)
(254, 1541)
(255, 1541)
(256, 1541)
(257, 1541)
(258, 1541)
(259, 1541)
(260, 1541)
(261, 1541)
(262, 1541)
(263, 1541)
(264, 1541)
(265, 1541)
(266, 1541)
(267, 1541)
(268, 1541)
(269, 1541)
(270, 1541)
(271, 1541)
(272, 1541)
(273, 1541)
(274, 1541)
(275, 1541)
(276, 1541)
(277, 1541)
(278, 1541)
(279, 1541)
(280, 1541)
(281, 1541)
(282, 1541)
(283, 1541)
(284, 1541)
(285, 1541)
(286, 1541)
(287, 1541)
(288, 1541)
(289, 1541)
(290, 1541)
(291, 1541)
(292, 1541)
(293, 1541)
(294, 1541)
(295, 1541)
(296, 1541)
(297, 1541)
(298, 1541)
(299, 1541)
(300, 1541)
(301, 1541)
(302, 1541)
(303, 1541)
(304, 1541)
(305, 1541)
(306, 1541)
(307, 1541)
(308, 1541)
(309, 1541)
(310, 1541)
(311, 1541)
(312, 1541)
(313, 1541)
(314, 1541)
(315, 1541)
(316, 1541)
(317, 1541)
(318, 1541)
(319, 1541)
(320, 1541)
(321, 1541)
(322, 1541)
(323, 1541)
(324, 1541)
(325, 1541)
(326, 1541)
(327, 1541)
(328, 1541)
(329, 1541)
(330, 1541)
(331, 1541)
(332, 1541)
(333, 1541)
(334, 1541)
(335, 1541)
(336, 1541)
(337, 1541)
(338, 1541)
(339, 1541)
(340, 1541)
(341, 1541)
(342, 1541)
(343, 1541)
(344, 1541)
(345, 1541)
(346, 1541)
(347, 1541)
(348, 1541)
(349, 1541)
(350, 1541)
(351, 1541)
(352, 1541)
(353, 1542)
(354, 1542)
(355, 1542)
(356, 1542)
(357, 1542)
(358, 1542)
(359, 1542)
(360, 1542)
(361, 1542)
(362, 1542)
(363, 1542)
(364, 1542)
(365, 1542)
(366, 1542)
(367, 1542)
(368, 1542)
(369, 1542)
(370, 1542)
(371, 1542)
(372, 1542)
(373, 1542)
(374, 1542)
(375, 1542)
(376, 1542)
(377, 1542)
(378, 1542)
(379, 1542)
(380, 1542)
(381, 1542)
(382, 1542)
(383, 1542)
(384, 1542)
(385, 1542)
(386, 1542)
(387, 1542)
(388, 1542)
(389, 1542)
(390, 1542)
(391, 1542)
(392, 1542)
(393, 1542)
(394, 1542)
(395, 1542)
(396, 1542)
(397, 1542)
(398, 1542)
(399, 1542)
(400, 1542)
(401, 1542)
(402, 1542)
(403, 1542)
(404, 1542)
(405, 1542)
(406, 1542)
(407, 1542)
(408, 1542)
(409, 1542)
(410, 1542)
(411, 1542)
(412, 1542)
(413, 1542)
(414, 1542)
(415, 1542)
(416, 1542)
(417, 1542)
(418, 1542)
(419, 1542)
(420, 1542)
(421, 1542)
(422, 1542)
(423, 1542)
(424, 1542)
(425, 1542)
(426, 1542)
(427, 1542)
(428, 1542)
(429, 1542)
(430, 1542)
(431, 1542)
(432, 1542)
(433, 1542)
(434, 1542)
(435, 1542)
(436, 1542)
(437, 1542)
(438, 1542)
(439, 1542)
(440, 1542)
(441, 1542)
(442, 1542)
(443, 1542)
(444, 1542)
(445, 1542)
(446, 1542)
(447, 1542)
(448, 1542)
(449, 1542)
(450, 1542)
(451, 1542)
(452, 1542)
(453, 1542)
(454, 1542)
(455, 1542)
(456, 1542)
(457, 1542)
(458, 1542)
(459, 1542)
(460, 1542)
(461, 1542)
(462, 1542)
(463, 1542)
(464, 1542)
(465, 1542)
(466, 1542)
(467, 1542)
(468, 1542)
(469, 1542)
(470, 1542)
(471, 1542)
(472, 1542)
(473, 1542)
(474, 1542)
(475, 1542)
(476, 1542)
(477, 1542)
(478, 1542)
(479, 1542)
(480, 1542)
(481, 1542)
(482, 1542)
(483, 1542)
(484, 1542)
(485, 1542)
(486, 1542)
(487, 1542)
(488, 1542)
(489, 1542)
(490, 1542)
(491, 1542)
(492, 1542)
(493, 1542)
(494, 1542)
(495, 1542)
(496, 1542)
(497, 1542)
(498, 1542)
(499, 1542)
(500, 1542)
(501, 1542)
(502, 1542)
(503, 1542)
(504, 1542)
(505, 1542)
(506, 1542)
(507, 1542)
(508, 1542)
(509, 1542)
(510, 1542)
(511, 1542)
(512, 1542)
(513, 1542)
(514, 1542)
(515, 1542)
(516, 1542)
(517, 1542)
(518, 1542)
(519, 1542)
(520, 1542)
(521, 1542)
(522, 1542)
(523, 1542)
(524, 1542)
(525, 1542)
(526, 1542)
(527, 1542)
(528, 1542)
(529, 1542)
(530, 1542)
(531, 1542)
(532, 1542)
(533, 1542)
(534, 1542)
(535, 1542)
(536, 1542)
(537, 1542)
(538, 1542)
(539, 1542)
(540, 1542)
(541, 1542)
(542, 1543)
(543, 1543)
(544, 1543)
(545, 1543)
(546, 1543)
(547, 1543)
(548, 1543)
(549, 1543)
(550, 1543)
(551, 1543)
(552, 1543)
(553, 1543)
(554, 1543)
(555, 1543)
(556, 1543)
(557, 1543)
(558, 1543)
(559, 1543)
(560, 1543)
(561, 1543)
(562, 1543)
(563, 1543)
(564, 1543)
(565, 1543)
(566, 1544)
(567, 1544)
(568, 1544)
(569, 1544)
(570, 1544)
(571, 1544)
(572, 1544)
(573, 1544)
(574, 1544)
(575, 1544)
(576, 1544)
(577, 1544)
(578, 1544)
(579, 1544)
(580, 1544)
(581, 1544)
(582, 1544)
(583, 1544)
(584, 1544)
(585, 1544)
(586, 1544)
(587, 1544)
(588, 1544)
(589, 1544)
(590, 1544)
(591, 1544)
(592, 1544)
(593, 1544)
(594, 1544)
(595, 1544)
(596, 1544)
(597, 1544)
(598, 1544)
(599, 1544)
(600, 1544)
(601, 1544)
(602, 1544)
(603, 1544)
(604, 1544)
(605, 1544)
(606, 1544)
(607, 1544)
(608, 1544)
(609, 1544)
(610, 1544)
(611, 1544)
(612, 1544)
(613, 1544)
(614, 1544)
(615, 1544)
(616, 1544)
(617, 1544)
(618, 1544)
(619, 1544)
(620, 1544)
(621, 1544)
(622, 1544)
(623, 1544)
(624, 1544)
(625, 1544)
(626, 1544)
(627, 1544)
(628, 1544)
(629, 1544)
(630, 1544)
(631, 1544)
(632, 1544)
(633, 1544)
(634, 1544)
(635, 1544)
(636, 1544)
(637, 1544)
(638, 1544)
(639, 1544)
(640, 1544)
(641, 1544)
(642, 1544)
(643, 1544)
(644, 1544)
(645, 1544)
(646, 1544)
(647, 1544)
(648, 1544)
(649, 1544)
(650, 1544)
(651, 1544)
(652, 1544)
(653, 1544)
(654, 1544)
(655, 1544)
(656, 1544)
(657, 1544)
(658, 1544)
(659, 1544)
(660, 1544)
(661, 1544)
(662, 1544)
(663, 1544)
(664, 1544)
(665, 1544)
(666, 1544)
(667, 1544)
(668, 1544)
(669, 1544)
(670, 1544)
(671, 1544)
(672, 1544)
(673, 1544)
(674, 1544)
(675, 1544)
(676, 1544)
(677, 1544)
(678, 1544)
(679, 1544)
(680, 1544)
(681, 1544)
(682, 1544)
(683, 1544)
(684, 1544)
(685, 1544)
(686, 1544)
(687, 1544)
(688, 1544)
(689, 1544)
(690, 1544)
(691, 1544)
(692, 1544)
(693, 1544)
(694, 1544)
(695, 1544)
(696, 1544)
(697, 1544)
(698, 1544)
(699, 1544)
(700, 1544)
(701, 1544)
(702, 1544)
(703, 1544)
(704, 1544)
(705, 1544)
(706, 1544)
(707, 1544)
(708, 1544)
(709, 1544)
(710, 1544)
(711, 1544)
(712, 1544)
(713, 1544)
(714, 1544)
(715, 1544)
(716, 1544)
(717, 1544)
(718, 1544)
(719, 1544)
(720, 1544)
(721, 1544)
(722, 1544)
(723, 1544)
(724, 1544)
(725, 1544)
(726, 1544)
(727, 1544)
(728, 1544)
(729, 1544)
(730, 1544)
(731, 1544)
(732, 1544)
(733, 1544)
(734, 1544)
(735, 1544)
(736, 1544)
(737, 1544)
(738, 1544)
(739, 1544)
(740, 1544)
(741, 1544)
(742, 1544)
(743, 1544)
(744, 1544)
(745, 1544)
(746, 1544)
(747, 1544)
(748, 1544)
(749, 1544)
(750, 1544)
(751, 1544)
(752, 1544)
(753, 1544)
(754, 1544)
(755, 1544)
(756, 1544)
(757, 1544)
(758, 1544)
(759, 1544)
(760, 1544)
(761, 1544)
(762, 1544)
(763, 1544)
(764, 1544)
(765, 1544)
(766, 1544)
(767, 1544)
(768, 1544)
(769, 1544)
(770, 1545)
(771, 1545)
(772, 1545)
(773, 1545)
(774, 1545)
(775, 1545)
(776, 1545)
(777, 1545)
(778, 1545)
(779, 1545)
(780, 1545)
(781, 1545)
(782, 1545)
(783, 1545)
(784, 1545)
(785, 1545)
(786, 1545)
(787, 1545)
(788, 1545)
(789, 1545)
(790, 1545)
(791, 1545)
(792, 1545)
(793, 1545)
(794, 1545)
(795, 1545)
(796, 1545)
(797, 1545)
(798, 1545)
(799, 1545)
(800, 1545)
(801, 1545)
(802, 1545)
(803, 1545)
(804, 1545)
(805, 1545)
(806, 1545)
(807, 1545)
(808, 1545)
(809, 1545)
(810, 1545)
(811, 1545)
(812, 1545)
(813, 1545)
(814, 1545)
(815, 1545)
(816, 1545)
(817, 1545)
(818, 1545)
(819, 1545)
(820, 1545)
(821, 1545)
(822, 1545)
(823, 1545)
(824, 1545)
(825, 1545)
(826, 1545)
(827, 1545)
(828, 1545)
(829, 1545)
(830, 1545)
(831, 1545)
(832, 1545)
(833, 1545)
(834, 1545)
(835, 1545)
(836, 1545)
(837, 1545)
(838, 1545)
(839, 1545)
(840, 1545)
(841, 1545)
(842, 1545)
(843, 1545)
(844, 1545)
(845, 1545)
(846, 1545)
(847, 1545)
(848, 1545)
(849, 1545)
(850, 1545)
(851, 1545)
(852, 1545)
(853, 1545)
(854, 1545)
(855, 1545)
(856, 1545)
(857, 1545)
(858, 1545)
(859, 1545)
(860, 1545)
(861, 1545)
(862, 1545)
(863, 1545)
(864, 1545)
(865, 1545)
(866, 1545)
(867, 1545)
(868, 1545)
(869, 1545)
(870, 1545)
(871, 1545)
(872, 1545)
(873, 1545)
(874, 1545)
(875, 1545)
(876, 1545)
(877, 1545)
(878, 1545)
(879, 1545)
(880, 1545)
(881, 1545)
(882, 1545)
(883, 1545)
(884, 1545)
(885, 1545)
(886, 1545)
(887, 1545)
(888, 1545)
(889, 1545)
(890, 1545)
(891, 1545)
(892, 1545)
(893, 1545)
(894, 1545)
(895, 1545)
(896, 1545)
(897, 1545)
(898, 1545)
(899, 1545)
(900, 1545)
(901, 1545)
(902, 1545)
(903, 1545)
(904, 1545)
(905, 1545)
(906, 1545)
(907, 1545)
(908, 1545)
(909, 1545)
(910, 1545)
(911, 1545)
(912, 1545)
(913, 1545)
(914, 1545)
(915, 1545)
(916, 1545)
(917, 1545)
(918, 1545)
(919, 1545)
(920, 1545)
(921, 1545)
(922, 1545)
(923, 1545)
(924, 1545)
(925, 1545)
(926, 1545)
(927, 1545)
(928, 1545)
(929, 1545)
(930, 1545)
(931, 1545)
(932, 1545)
(933, 1545)
(934, 1545)
(935, 1545)
(936, 1545)
(937, 1545)
(938, 1545)
(939, 1545)
(940, 1545)
(941, 1545)
(942, 1545)
(943, 1545)
(944, 1545)
(945, 1545)
(946, 1545)
(947, 1545)
(948, 1545)
(949, 1545)
(950, 1545)
(951, 1545)
(952, 1545)
(953, 1545)
(954, 1545)
(955, 1545)
(956, 1545)
(957, 1545)
(958, 1545)
(959, 1545)
(960, 1545)
(961, 1545)
(962, 1545)
(963, 1545)
(964, 1545)
(965, 1545)
(966, 1545)
(967, 1545)
(968, 1545)
(969, 1545)
(970, 1545)
(971, 1545)
(972, 1545)
(973, 1545)
(974, 1545)
(975, 1545)
(976, 1545)
(977, 1545)
(978, 1545)
(979, 1545)
(980, 1545)
(981, 1545)
(982, 1545)
(983, 1545)
(984, 1545)
(985, 1545)
(986, 1545)
(987, 1545)
(988, 1545)
(989, 1545)
(990, 1545)
(991, 1545)
(992, 1545)
(993, 1545)
(994, 1545)
(995, 1545)
(996, 1545)
(997, 1545)
(998, 1545)
(999, 1545)
(1000, 1545)
(1001, 1545)
(1002, 1545)
(1003, 1545)
(1004, 1545)
(1005, 1546)
(1006, 1546)
(1007, 1546)
(1008, 1546)
(1009, 1546)
(1010, 1546)
(1011, 1546)
(1012, 1546)
(1013, 1546)
(1014, 1546)
(1015, 1546)
(1016, 1546)
(1017, 1546)
(1018, 1546)
(1019, 1546)
(1020, 1546)
(1021, 1546)
(1022, 1546)
(1023, 1546)
(1024, 1546)
(1025, 1546)
(1026, 1546)
(1027, 1546)
(1028, 1546)
(1029, 1546)
(1030, 1546)
(1031, 1546)
(1032, 1546)
(1033, 1546)
(1034, 1546)
(1035, 1546)
(1036, 1546)
(1037, 1546)
(1038, 1546)
(1039, 1546)
(1040, 1546)
(1041, 1546)
(1042, 1546)
(1043, 1546)
(1044, 1546)
(1045, 1546)
(1046, 1546)
(1047, 1546)
(1048, 1546)
(1049, 1546)
(1050, 1546)
(1051, 1547)
(1052, 1547)
(1053, 1547)
(1054, 1547)
(1055, 1547)
(1056, 1547)
(1057, 1547)
(1058, 1547)
(1059, 1547)
(1060, 1547)
(1061, 1547)
(1062, 1547)
(1063, 1547)
(1064, 1547)
(1065, 1547)
(1066, 1547)
(1067, 1547)
(1068, 1547)
(1069, 1547)
(1070, 1547)
(1071, 1547)
(1072, 1547)
(1073, 1547)
(1074, 1547)
(1075, 1547)
(1076, 1547)
(1077, 1547)
(1078, 1547)
(1079, 1547)
(1080, 1547)
(1081, 1547)
(1082, 1547)
(1083, 1547)
(1084, 1547)
(1085, 1547)
(1086, 1547)
(1087, 1547)
(1088, 1547)
(1089, 1547)
(1090, 1547)
(1091, 1547)
(1092, 1547)
(1093, 1547)
(1094, 1547)
(1095, 1547)
(1096, 1547)
(1097, 1547)
(1098, 1547)
(1099, 1547)
(1100, 1547)
(1101, 1547)
(1102, 1547)
(1103, 1547)
(1104, 1547)
(1105, 1547)
(1106, 1547)
(1107, 1547)
(1108, 1547)
(1109, 1547)
(1110, 1547)
(1111, 1547)
(1112, 1547)
(1113, 1547)
(1114, 1547)
(1115, 1547)
(1116, 1547)
(1117, 1547)
(1118, 1547)
(1119, 1547)
(1120, 1547)
(1121, 1547)
(1122, 1547)
(1123, 1547)
(1124, 1547)
(1125, 1547)
(1126, 1547)
(1127, 1547)
(1128, 1547)
(1129, 1547)
(1130, 1547)
(1131, 1547)
(1132, 1547)
(1133, 1547)
(1134, 1547)
(1135, 1547)
(1136, 1547)
(1137, 1547)
(1138, 1547)
(1139, 1547)
(1140, 1547)
(1141, 1547)
(1142, 1547)
(1143, 1547)
(1144, 1547)
(1145, 1548)
(1146, 1548)
(1147, 1548)
(1148, 1548)
(1149, 1548)
(1150, 1548)
(1151, 1548)
(1152, 1548)
(1153, 1548)
(1154, 1548)
(1155, 1548)
(1156, 1548)
(1157, 1548)
(1158, 1548)
(1159, 1548)
(1160, 1548)
(1161, 1548)
(1162, 1548)
(1163, 1548)
(1164, 1548)
(1165, 1548)
(1166, 1548)
(1167, 1548)
(1168, 1548)
(1169, 1548)
(1170, 1548)
(1171, 1548)
(1172, 1548)
(1173, 1548)
(1174, 1548)
(1175, 1548)
(1176, 1548)
(1177, 1548)
(1178, 1548)
(1179, 1548)
(1180, 1548)
(1181, 1548)
(1182, 1548)
(1183, 1548)
(1184, 1548)
(1185, 1548)
(1186, 1548)
(1187, 1548)
(1188, 1548)
(1189, 1548)
(1190, 1548)
(1191, 1548)
(1192, 1548)
(1193, 1548)
(1194, 1548)
(1195, 1548)
(1196, 1548)
(1197, 1548)
(1198, 1548)
(1199, 1548)
(1200, 1548)
(1201, 1548)
(1202, 1548)
(1203, 1548)
(1204, 1548)
(1205, 1548)
(1206, 1548)
(1207, 1548)
(1208, 1548)
(1209, 1548)
(1210, 1548)
(1211, 1548)
(1212, 1548)
(1213, 1548)
(1214, 1548)
(1215, 1548)
(1216, 1548)
(1217, 1548)
(1218, 1548)
(1219, 1549)
(1220, 1549)
(1221, 1549)
(1222, 1549)
(1223, 1549)
(1224, 1549)
(1225, 1549)
(1226, 1549)
(1227, 1549)
(1228, 1549)
(1229, 1549)
(1230, 1549)
(1231, 1549)
(1232, 1549)
(1233, 1549)
(1234, 1549)
(1235, 1549)
(1236, 1549)
(1237, 1549)
(1238, 1549)
(1239, 1549)
(1240, 1549)
(1241, 1549)
(1242, 1549)
(1243, 1549)
(1244, 1549)
(1245, 1549)
(1246, 1549)
(1247, 1549)
(1248, 1549)
(1249, 1549)
(1250, 1549)
(1251, 1549)
(1252, 1549)
(1253, 1549)
(1254, 1549)
(1255, 1549)
(1256, 1549)
(1257, 1549)
(1258, 1549)
(1259, 1549)
(1260, 1549)
(1261, 1549)
(1262, 1549)
(1263, 1549)
(1264, 1550)
(1265, 1550)
(1266, 1550)
(1267, 1550)
(1268, 1550)
(1269, 1550)
(1270, 1550)
(1271, 1550)
(1272, 1550)
(1273, 1550)
(1274, 1550)
(1275, 1550)
(1276, 1550)
(1277, 1550)
(1278, 1550)
(1279, 1550)
(1280, 1550)
(1281, 1550)
(1282, 1550)
(1283, 1550)
(1284, 1550)
(1285, 1550)
(1286, 1550)
(1287, 1550)
(1288, 1550)
(1289, 1550)
(1290, 1550)
(1291, 1550)
(1292, 1550)
(1293, 1550)
(1294, 1550)
(1295, 1550)
(1296, 1550)
(1297, 1550)
(1298, 1550)
(1299, 1550)
(1300, 1550)
(1301, 1550)
(1302, 1550)
(1303, 1550)
(1304, 1550)
(1305, 1550)
(1306, 1550)
(1307, 1550)
(1308, 1550)
(1309, 1550)
(1310, 1550)
(1311, 1550)
(1312, 1550)
(1313, 1550)
(1314, 1550)
(1315, 1550)
(1316, 1550)
(1317, 1550)
(1318, 1550)
(1319, 1550)
(1320, 1550)
(1321, 1550)
(1322, 1550)
(1323, 1550)
(1324, 1550)
(1325, 1550)
(1326, 1550)
(1327, 1550)
(1328, 1550)
(1329, 1550)
(1330, 1550)
(1331, 1550)
(1332, 1550)
(1333, 1551)
(1334, 1551)
(1335, 1551)
(1336, 1551)
(1337, 1551)
(1338, 1551)
(1339, 1551)
(1340, 1551)
(1341, 1551)
(1342, 1551)
(1343, 1551)
(1344, 1551)
(1345, 1551)
(1346, 1551)
(1347, 1551)
(1348, 1551)
(1349, 1551)
(1350, 1551)
(1351, 1551)
(1352, 1551)
(1353, 1551)
(1354, 1551)
(1355, 1551)
(1356, 1551)
(1357, 1551)
(1358, 1551)
(1359, 1551)
(1360, 1551)
(1361, 1551)
(1362, 1551)
(1363, 1551)
(1364, 1551)
(1365, 1551)
(1366, 1551)
(1367, 1551)
(1368, 1551)
(1369, 1551)
(1370, 1551)
(1371, 1551)
(1372, 1551)
(1373, 1551)
(1374, 1551)
(1375, 1552)
(1376, 1552)
(1377, 1552)
(1378, 1552)
(1379, 1552)
(1380, 1552)
(1381, 1552)
(1382, 1552)
(1383, 1552)
(1384, 1552)
(1385, 1552)
(1386, 1552)
(1387, 1552)
(1388, 1552)
(1389, 1552)
(1390, 1552)
(1391, 1552)
(1392, 1552)
(1393, 1552)
(1394, 1552)
(1395, 1552)
(1396, 1552)
(1397, 1552)
(1398, 1552)
(1399, 1552)
(1400, 1552)
(1401, 1552)
(1402, 1552)
(1403, 1552)
(1404, 1552)
(1405, 1552)
(1406, 1552)
(1407, 1552)
(1408, 1552)
(1409, 1552)
(1410, 1552)
(1411, 1552)
(1412, 1552)
(1413, 1552)
(1414, 1552)
(1415, 1552)
(1416, 1552)
(1417, 1552)
(1418, 1552)
(1419, 1552)
(1420, 1552)
(1421, 1552)
(1422, 1552)
(1423, 1552)
(1424, 1552)
(1425, 1552)
(1426, 1552)
(1427, 1552)
(1428, 1552)
(1429, 1552)
(1430, 1553)
(1431, 1553)
(1432, 1553)
(1433, 1553)
(1434, 1553)
(1435, 1553)
(1436, 1553)
(1437, 1553)
(1438, 1553)
(1439, 1553)
(1440, 1553)
(1441, 1553)
(1442, 1553)
(1443, 1553)
(1444, 1553)
(1445, 1553)
(1446, 1553)
(1447, 1553)
(1448, 1553)
(1449, 1553)
(1450, 1553)
(1451, 1553)
(1452, 1553)
(1453, 1553)
(1454, 1553)
(1455, 1553)
(1456, 1553)
(1457, 1553)
(1458, 1553)
(1459, 1553)
(1460, 1553)
(1461, 1553)
(1462, 1553)
(1463, 1553)
(1464, 1553)
(1465, 1553)
(1466, 1553)
(1467, 1553)
(1468, 1553)
(1469, 1553)
(1470, 1553)
(1471, 1553)
(1472, 1553)
(1473, 1553)
(1474, 1553)
(1475, 1553)
(1476, 1553)
(1477, 1553)
(1478, 1553)
(1479, 1553)
(1480, 1553)
(1481, 1553)
(1482, 1553)
(1483, 1553)
(1484, 1553)
(1485, 1553)
(1486, 1553)
(1487, 1553)
(1488, 1553)
(1489, 1553)
(1490, 1553)
(1491, 1553)
(1492, 1553)
(1493, 1553)
(1494, 1553)
(1495, 1553)
(1496, 1553)
(1497, 1553)
(1498, 1553)
(1499, 1553)
(1500, 1553)
(1501, 1553)
(1502, 1553)
(1503, 1553)
(1504, 1553)
(1505, 1553)
(1506, 1553)
(1507, 1553)
(1508, 1553)
(1509, 1553)
(1510, 1553)
(1511, 1553)
(1512, 1553)
(1513, 1553)
(1514, 1553)
(1515, 1553)
(1516, 1553)
(1517, 1553)
(1518, 1553)
(1519, 1553)
(1520, 1553)
(1521, 1554)
(1522, 1554)
(1523, 1554)
(1524, 1554)
(1525, 1554)
(1526, 1554)
(1527, 1554)
(1528, 1554)
(1529, 1554)
(1530, 1554)
(1531, 1554)
(1532, 1554)
(1533, 1554)
(1534, 1554)
(1535, 1554)
(1536, 1554)
(1537, 1554)
(1538, 1554)
(1539, 1554)
(1540, 1554)
(1541, 1554)
(1542, 1555)
(1543, 1555)
(1544, 1555)
(1545, 1555)
(1546, 1555)
(1547, 1555)
(1548, 1555)
(1549, 1555)
(1550, 1555)
(1551, 1555)
(1552, 1555)
(1553, 1555)
(1554, 1555)
(1555, 1555)
(1556, 1555)
(1557, 1555)
(1558, 1555)
(1559, 1555)
(1560, 1555)
(1561, 1555)
(1562, 1555)
(1563, 1555)
(1564, 1555)
(1565, 1555)
(1566, 1555)
(1567, 1555)
(1568, 1555)
(1569, 1555)
(1570, 1555)
(1571, 1555)
(1572, 1555)
(1573, 1555)
(1574, 1555)
(1575, 1555)
(1576, 1555)
(1577, 1555)
(1578, 1555)
(1579, 1555)
(1580, 1555)
(1581, 1555)
(1582, 1555)
(1583, 1555)
(1584, 1555)
(1585, 1555)
(1586, 1555)
(1587, 1555)
(1588, 1555)
(1589, 1555)
(1590, 1555)
(1591, 1555)
(1592, 1555)
(1593, 1555)
(1594, 1555)
(1595, 1555)
(1596, 1555)
(1597, 1555)
(1598, 1555)
(1599, 1555)
(1600, 1555)
(1601, 1555)
(1602, 1555)
(1603, 1555)
(1604, 1555)
(1605, 1555)
(1606, 1555)
(1607, 1555)
(1608, 1555)
(1609, 1555)
(1610, 1556)
(1611, 1556)
(1612, 1556)
(1613, 1556)
(1614, 1556)
(1615, 1556)
(1616, 1556)
(1617, 1556)
(1618, 1556)
(1619, 1556)
(1620, 1556)
(1621, 1557)
(1622, 1557)
(1623, 1557)
(1624, 1557)
(1625, 1557)
(1626, 1557)
(1627, 1557)
(1628, 1557)
(1629, 1557)
(1630, 1557)
(1631, 1557)
(1632, 1557)
(1633, 1557)
(1634, 1557)
(1635, 1557)
(1636, 1557)
(1637, 1557)
(1638, 1557)
(1639, 1557)
(1640, 1557)
(1641, 1557)
(1642, 1557)
(1643, 1557)
(1644, 1557)
(1645, 1557)
(1646, 1557)
(1647, 1557)
(1648, 1557)
(1649, 1557)
(1650, 1557)
(1651, 1557)
(1652, 1557)
(1653, 1557)
(1654, 1557)
(1655, 1557)
(1656, 1557)
(1657, 1557)
(1658, 1557)
(1659, 1557)
(1660, 1557)
(1661, 1557)
(1662, 1557)
(1663, 1557)
(1664, 1557)
(1665, 1557)
(1666, 1557)
(1667, 1558)
(1668, 1558)
(1669, 1558)
(1670, 1558)
(1671, 1558)
(1672, 1558)
(1673, 1558)
(1674, 1558)
(1675, 1558)
(1676, 1558)
(1677, 1558)
(1678, 1558)
(1679, 1558)
(1680, 1558)
(1681, 1558)
(1682, 1558)
(1683, 1558)
(1684, 1558)
(1685, 1558)
(1686, 1558)
(1687, 1558)
(1688, 1558)
(1689, 1558)
(1690, 1558)
(1691, 1558)
(1692, 1558)
(1693, 1558)
(1694, 1558)
(1695, 1558)
(1696, 1558)
(1697, 1558)
(1698, 1558)
(1699, 1558)
(1700, 1558)
(1701, 1558)
(1702, 1558)
(1703, 1558)
(1704, 1558)
(1705, 1558)
(1706, 1558)
(1707, 1558)
(1708, 1558)
(1709, 1558)
(1710, 1558)
(1711, 1558)
(1712, 1558)
(1713, 1558)
(1714, 1558)
(1715, 1558)
(1716, 1558)
(1717, 1558)
(1718, 1559)
(1719, 1559)
(1720, 1559)
(1721, 1559)
(1722, 1559)
(1723, 1559)
(1724, 1559)
(1725, 1559)
(1726, 1559)
(1727, 1559)
(1728, 1559)
(1729, 1559)
(1730, 1559)
(1731, 1559)
(1732, 1559)
(1733, 1559)
(1734, 1559)
(1735, 1559)
(1736, 1559)
(1737, 1559)
(1738, 1559)
(1739, 1559)
(1740, 1559)
(1741, 1559)
(1742, 1559)
(1743, 1559)
(1744, 1559)
(1745, 1559)
(1746, 1559)
(1747, 1559)
(1748, 1559)
(1749, 1559)
(1750, 1559)
(1751, 1559)
(1752, 1559)
(1753, 1559)
(1754, 1559)
(1755, 1559)
(1756, 1559)
(1757, 1559)
(1758, 1559)
(1759, 1559)
(1760, 1559)
(1761, 1559)
(1762, 1559)
(1763, 1559)
(1764, 1559)
(1765, 1559)
(1766, 1559)
(1767, 1559)
(1768, 1559)
(1769, 1559)
(1770, 1559)
(1771, 1559)
(1772, 1559)
(1773, 1559)
(1774, 1559)
(1775, 1559)
(1776, 1559)
(1777, 1560)
(1778, 1560)
(1779, 1560)
(1780, 1560)
(1781, 1560)
(1782, 1560)
(1783, 1560)
(1784, 1560)
(1785, 1560)
(1786, 1560)
(1787, 1560)
(1788, 1560)
(1789, 1560)
(1790, 1560)
(1791, 1560)
(1792, 1560)
(1793, 1560)
(1794, 1560)
(1795, 1560)
(1796, 1560)
(1797, 1560)
(1798, 1560)
(1799, 1560)
(1800, 1560)
(1801, 1560)
(1802, 1560)
(1803, 1560)
(1804, 1560)
(1805, 1561)
(1806, 1561)
(1807, 1561)
(1808, 1561)
(1809, 1561)
(1810, 1561)
(1811, 1561)
(1812, 1561)
(1813, 1561)
(1814, 1561)
(1815, 1561)
(1816, 1561)
(1817, 1561)
(1818, 1561)
(1819, 1561)
(1820, 1561)
(1821, 1561)
(1822, 1561)
(1823, 1561)
(1824, 1561)
(1825, 1561)
(1826, 1561)
(1827, 1561)
(1828, 1561)
(1829, 1561)
(1830, 1561)
(1831, 1561)
(1832, 1561)
(1833, 1561)
(1834, 1561)
(1835, 1561)
(1836, 1562)
(1837, 1562)
(1838, 1562)
(1839, 1562)
(1840, 1562)
(1841, 1562)
(1842, 1562)
(1843, 1562)
(1844, 1562)
(1845, 1562)
(1846, 1562)
(1847, 1562)
(1848, 1562)
(1849, 1562)
(1850, 1562)
(1851, 1562)
(1852, 1562)
(1853, 1562)
(1854, 1562)
(1855, 1562)
(1856, 1562)
(1857, 1562)
(1858, 1562)
(1859, 1562)
(1860, 1562)
(1861, 1562)
(1862, 1562)
(1863, 1562)
(1864, 1562)
(1865, 1562)
(1866, 1562)
(1867, 1562)
(1868, 1562)
(1869, 1562)
(1870, 1562)
(1871, 1562)
(1872, 1562)
(1873, 1562)
(1874, 1562)
(1875, 1562)
(1876, 1562)
(1877, 1562)
(1878, 1562)
(1879, 1562)
(1880, 1562)
(1881, 1562)
(1882, 1562)
(1883, 1562)
(1884, 1562)
(1885, 1562)
(1886, 1562)
(1887, 1562)
(1888, 1562)
(1889, 1562)
(1890, 1562)
(1891, 1562)
(1892, 1562)
(1893, 1562)
(1894, 1562)
(1895, 1562)
(1896, 1562)
(1897, 1562)
(1898, 1562)
(1899, 1562)
(1900, 1562)
(1901, 1562)
(1902, 1562)
(1903, 1562)
(1904, 1562)
(1905, 1562)
(1906, 1562)
(1907, 1562)
(1908, 1562)
(1909, 1562)
(1910, 1562)
(1911, 1562)
(1912, 1562)
(1913, 1562)
(1914, 1562)
(1915, 1562)
(1916, 1562)
(1916, 1561)
(1916, 1560)
(1916, 1559)
(1915, 1559)
(1914, 1559)
(1913, 1559)
(1912, 1559)
(1911, 1559)
(1910, 1559)
(1909, 1559)
(1908, 1558)
(1907, 1558)
(1906, 1558)
(1905, 1558)
(1904, 1558)
(1903, 1558)
(1902, 1558)
(1901, 1558)
(1900, 1558)
(1899, 1558)
(1898, 1558)
(1897, 1558)
(1896, 1558)
(1895, 1558)
(1894, 1558)
(1893, 1558)
(1892, 1558)
(1891, 1558)
(1890, 1558)
(1889, 1558)
(1888, 1558)
(1887, 1558)
(1886, 1558)
(1885, 1558)
(1884, 1558)
(1883, 1558)
(1882, 1558)
(1881, 1558)
(1880, 1558)
(1879, 1557)
(1878, 1557)
(1877, 1557)
(1876, 1557)
(1875, 1557)
(1874, 1557)
(1873, 1557)
(1872, 1557)
(1871, 1557)
(1870, 1557)
(1869, 1557)
(1868, 1557)
(1867, 1557)
(1866, 1557)
(1865, 1557)
(1864, 1557)
(1863, 1557)
(1862, 1557)
(1861, 1557)
(1860, 1557)
(1859, 1557)
(1858, 1557)
(1857, 1557)
(1856, 1557)
(1855, 1557)
(1854, 1557)
(1853, 1557)
(1852, 1557)
(1851, 1557)
(1850, 1557)
(1849, 1557)
(1848, 1557)
(1847, 1557)
(1846, 1556)
(1845, 1556)
(1844, 1556)
(1843, 1556)
(1842, 1556)
(1841, 1556)
(1840, 1556)
(1839, 1556)
(1838, 1556)
(1837, 1556)
(1836, 1556)
(1835, 1556)
(1834, 1556)
(1833, 1556)
(1832, 1556)
(1831, 1556)
(1830, 1556)
(1829, 1556)
(1828, 1556)
(1827, 1556)
(1826, 1556)
(1825, 1556)
(1824, 1556)
(1823, 1556)
(1822, 1556)
(1821, 1556)
(1820, 1556)
(1819, 1556)
(1818, 1556)
(1817, 1556)
(1816, 1556)
(1815, 1556)
(1814, 1556)
(1813, 1556)
(1812, 1556)
(1811, 1556)
(1810, 1556)
(1809, 1556)
(1808, 1556)
(1807, 1556)
(1806, 1556)
(1805, 1556)
(1804, 1556)
(1803, 1556)
(1802, 1556)
(1801, 1556)
(1800, 1556)
(1799, 1556)
(1798, 1556)
(1797, 1556)
(1796, 1556)
(1795, 1556)
(1794, 1556)
(1793, 1555)
(1792, 1555)
(1791, 1555)
(1790, 1555)
(1789, 1555)
(1788, 1555)
(1787, 1555)
(1786, 1555)
(1785, 1555)
(1784, 1555)
(1783, 1555)
(1782, 1555)
(1781, 1555)
(1780, 1555)
(1779, 1555)
(1778, 1555)
(1777, 1555)
(1776, 1555)
(1775, 1555)
(1774, 1555)
(1773, 1555)
(1772, 1555)
(1771, 1555)
(1770, 1555)
(1769, 1555)
(1768, 1555)
(1767, 1555)
(1766, 1555)
(1765, 1555)
(1764, 1555)
(1763, 1555)
(1762, 1554)
(1761, 1554)
(1760, 1554)
(1759, 1554)
(1758, 1554)
(1757, 1554)
(1756, 1554)
(1755, 1554)
(1754, 1554)
(1753, 1554)
(1752, 1554)
(1751, 1554)
(1750, 1554)
(1749, 1554)
(1748, 1554)
(1747, 1554)
(1746, 1554)
(1745, 1554)
(1744, 1554)
(1743, 1554)
(1742, 1554)
(1741, 1554)
(1740, 1554)
(1739, 1554)
(1738, 1554)
(1737, 1554)
(1736, 1554)
(1735, 1554)
(1734, 1554)
(1733, 1554)
(1732, 1554)
(1731, 1554)
(1730, 1554)
(1729, 1554)
(1728, 1554)
(1727, 1554)
(1726, 1554)
(1725, 1554)
(1724, 1554)
(1723, 1554)
(1722, 1554)
(1721, 1554)
(1720, 1554)
(1719, 1553)
(1718, 1553)
(1717, 1553)
(1716, 1553)
(1715, 1553)
(1714, 1553)
(1713, 1553)
(1712, 1553)
(1711, 1553)
(1710, 1553)
(1709, 1553)
(1708, 1553)
(1707, 1553)
(1706, 1553)
(1705, 1553)
(1704, 1553)
(1703, 1553)
(1702, 1553)
(1701, 1553)
(1700, 1553)
(1699, 1553)
(1698, 1553)
(1697, 1553)
(1696, 1553)
(1695, 1553)
(1694, 1553)
(1693, 1553)
(1692, 1553)
(1691, 1553)
(1690, 1553)
(1689, 1553)
(1688, 1553)
(1687, 1553)
(1686, 1553)
(1685, 1553)
(1684, 1553)
(1683, 1553)
(1682, 1553)
(1681, 1553)
(1680, 1553)
(1679, 1553)
(1678, 1553)
(1677, 1553)
(1676, 1553)
(1675, 1552)
(1674, 1552)
(1673, 1552)
(1672, 1552)
(1671, 1552)
(1670, 1552)
(1669, 1552)
(1668, 1552)
(1667, 1552)
(1666, 1552)
(1665, 1552)
(1664, 1552)
(1663, 1552)
(1662, 1552)
(1661, 1552)
(1660, 1552)
(1659, 1552)
(1658, 1552)
(1657, 1552)
(1656, 1552)
(1655, 1552)
(1654, 1552)
(1653, 1552)
(1652, 1552)
(1651, 1552)
(1650, 1552)
(1649, 1552)
(1648, 1552)
(1647, 1552)
(1646, 1552)
(1645, 1552)
(1644, 1552)
(1643, 1552)
(1642, 1552)
(1641, 1552)
(1640, 1552)
(1639, 1552)
(1638, 1552)
(1637, 1552)
(1636, 1552)
(1635, 1552)
(1634, 1552)
(1633, 1552)
(1632, 1552)
(1631, 1552)
(1630, 1552)
(1629, 1552)
(1628, 1552)
(1627, 1552)
(1626, 1552)
(1625, 1552)
(1624, 1552)
(1623, 1552)
(1622, 1552)
(1621, 1552)
(1620, 1552)
(1619, 1552)
(1618, 1552)
(1617, 1551)
(1616, 1551)
(1615, 1551)
(1614, 1551)
(1613, 1551)
(1612, 1551)
(1611, 1551)
(1610, 1551)
(1609, 1551)
(1608, 1551)
(1607, 1551)
(1606, 1551)
(1605, 1551)
(1604, 1551)
(1603, 1551)
(1602, 1551)
(1601, 1551)
(1600, 1551)
(1599, 1551)
(1598, 1551)
(1597, 1551)
(1596, 1551)
(1595, 1551)
(1594, 1551)
(1593, 1551)
(1592, 1551)
(1591, 1551)
(1590, 1551)
(1589, 1551)
(1588, 1551)
(1587, 1551)
(1586, 1551)
(1585, 1551)
(1584, 1551)
(1583, 1551)
(1582, 1550)
(1581, 1550)
(1580, 1550)
(1579, 1550)
(1578, 1550)
(1577, 1550)
(1576, 1550)
(1575, 1550)
(1574, 1550)
(1573, 1550)
(1572, 1550)
(1571, 1550)
(1570, 1550)
(1569, 1550)
(1568, 1550)
(1567, 1550)
(1566, 1550)
(1565, 1550)
(1564, 1550)
(1563, 1550)
(1562, 1550)
(1561, 1550)
(1560, 1550)
(1559, 1550)
(1558, 1550)
(1557, 1550)
(1556, 1550)
(1555, 1550)
(1554, 1550)
(1553, 1550)
(1552, 1550)
(1551, 1550)
(1550, 1549)
(1549, 1549)
(1548, 1549)
(1547, 1549)
(1546, 1549)
(1545, 1549)
(1544, 1549)
(1543, 1549)
(1542, 1549)
(1541, 1549)
(1540, 1549)
(1539, 1549)
(1538, 1549)
(1537, 1549)
(1536, 1549)
(1535, 1549)
(1534, 1549)
(1533, 1549)
(1532, 1549)
(1531, 1549)
(1530, 1549)
(1529, 1549)
(1528, 1549)
(1527, 1549)
(1526, 1549)
(1525, 1549)
(1524, 1549)
(1523, 1549)
(1522, 1549)
(1521, 1549)
(1520, 1549)
(1519, 1549)
(1518, 1549)
(1517, 1549)
(1516, 1549)
(1515, 1549)
(1514, 1549)
(1513, 1549)
(1512, 1549)
(1511, 1549)
(1510, 1549)
(1509, 1549)
(1508, 1549)
(1507, 1549)
(1506, 1549)
(1505, 1549)
(1504, 1549)
(1503, 1549)
(1502, 1549)
(1501, 1549)
(1500, 1549)
(1499, 1549)
(1498, 1549)
(1497, 1549)
(1496, 1549)
(1495, 1549)
(1494, 1549)
(1493, 1549)
(1492, 1548)
(1491, 1548)
(1490, 1548)
(1489, 1548)
(1488, 1548)
(1487, 1548)
(1486, 1548)
(1485, 1548)
(1484, 1548)
(1483, 1548)
(1482, 1548)
(1481, 1548)
(1480, 1548)
(1479, 1548)
(1478, 1548)
(1477, 1548)
(1476, 1548)
(1475, 1548)
(1474, 1548)
(1473, 1548)
(1472, 1548)
(1471, 1548)
(1470, 1548)
(1469, 1548)
(1468, 1548)
(1467, 1548)
(1466, 1548)
(1465, 1548)
(1464, 1548)
(1463, 1548)
(1462, 1548)
(1461, 1548)
(1460, 1548)
(1459, 1548)
(1458, 1548)
(1457, 1548)
(1456, 1548)
(1455, 1548)
(1454, 1548)
(1453, 1548)
(1452, 1548)
(1451, 1548)
(1450, 1548)
(1449, 1548)
(1448, 1548)
(1447, 1548)
(1446, 1548)
(1445, 1548)
(1444, 1548)
(1443, 1548)
(1442, 1548)
(1441, 1548)
(1440, 1548)
(1439, 1548)
(1438, 1548)
(1437, 1548)
(1436, 1547)
(1435, 1547)
(1434, 1547)
(1433, 1547)
(1432, 1547)
(1431, 1547)
(1430, 1547)
(1429, 1547)
(1428, 1547)
(1427, 1547)
(1426, 1547)
(1425, 1547)
(1424, 1547)
(1423, 1547)
(1422, 1547)
(1421, 1547)
(1420, 1547)
(1419, 1547)
(1418, 1547)
(1417, 1547)
(1416, 1547)
(1415, 1547)
(1414, 1547)
(1413, 1547)
(1412, 1547)
(1411, 1547)
(1410, 1547)
(1409, 1547)
(1408, 1547)
(1407, 1547)
(1406, 1547)
(1405, 1547)
(1404, 1547)
(1403, 1547)
(1402, 1547)
(1401, 1547)
(1400, 1547)
(1399, 1547)
(1398, 1547)
(1397, 1547)
(1396, 1547)
(1395, 1547)
(1394, 1547)
(1393, 1547)
(1392, 1547)
(1391, 1547)
(1390, 1547)
(1389, 1547)
(1388, 1547)
(1387, 1547)
(1386, 1547)
(1385, 1547)
(1384, 1546)
(1383, 1546)
(1382, 1546)
(1381, 1546)
(1380, 1546)
(1379, 1546)
(1378, 1546)
(1377, 1546)
(1376, 1546)
(1375, 1546)
(1374, 1546)
(1373, 1546)
(1372, 1546)
(1371, 1546)
(1370, 1546)
(1369, 1546)
(1368, 1546)
(1367, 1546)
(1366, 1546)
(1365, 1546)
(1364, 1546)
(1363, 1546)
(1362, 1546)
(1361, 1546)
(1360, 1546)
(1359, 1546)
(1358, 1546)
(1357, 1546)
(1356, 1546)
(1355, 1546)
(1354, 1546)
(1353, 1546)
(1352, 1546)
(1351, 1546)
(1350, 1546)
(1349, 1546)
(1348, 1546)
(1347, 1546)
(1346, 1546)
(1345, 1546)
(1344, 1546)
(1343, 1546)
(1342, 1546)
(1341, 1546)
(1340, 1546)
(1339, 1546)
(1338, 1546)
(1337, 1546)
(1336, 1546)
(1335, 1546)
(1334, 1546)
(1333, 1546)
(1332, 1546)
(1331, 1546)
(1330, 1546)
(1329, 1546)
(1328, 1546)
(1327, 1546)
(1326, 1546)
(1325, 1546)
(1324, 1546)
(1323, 1546)
(1322, 1546)
(1321, 1546)
(1320, 1546)
(1319, 1546)
(1318, 1546)
(1317, 1546)
(1316, 1546)
(1315, 1546)
(1314, 1545)
(1313, 1545)
(1312, 1545)
(1311, 1545)
(1310, 1545)
(1309, 1545)
(1308, 1545)
(1307, 1545)
(1306, 1545)
(1305, 1545)
(1304, 1545)
(1303, 1545)
(1302, 1545)
(1301, 1545)
(1300, 1545)
(1299, 1545)
(1298, 1545)
(1297, 1545)
(1296, 1545)
(1295, 1545)
(1294, 1545)
(1293, 1545)
(1292, 1545)
(1291, 1545)
(1290, 1545)
(1289, 1545)
(1288, 1545)
(1287, 1545)
(1286, 1545)
(1285, 1545)
(1284, 1545)
(1283, 1545)
(1282, 1545)
(1281, 1545)
(1280, 1545)
(1279, 1545)
(1278, 1545)
(1277, 1545)
(1276, 1545)
(1275, 1545)
(1274, 1545)
(1273, 1545)
(1272, 1545)
(1271, 1545)
(1270, 1545)
(1269, 1545)
(1268, 1545)
(1267, 1545)
(1266, 1545)
(1265, 1545)
(1264, 1545)
(1263, 1544)
(1262, 1544)
(1261, 1544)
(1260, 1544)
(1259, 1544)
(1258, 1544)
(1257, 1544)
(1256, 1544)
(1255, 1544)
(1254, 1544)
(1253, 1544)
(1252, 1544)
(1251, 1544)
(1250, 1544)
(1249, 1544)
(1248, 1544)
(1247, 1544)
(1246, 1544)
(1245, 1544)
(1244, 1544)
(1243, 1544)
(1242, 1544)
(1241, 1544)
(1240, 1544)
(1239, 1544)
(1238, 1544)
(1237, 1544)
(1236, 1544)
(1235, 1544)
(1234, 1544)
(1233, 1544)
(1232, 1544)
(1231, 1544)
(1230, 1544)
(1229, 1544)
(1228, 1544)
(1227, 1544)
(1226, 1544)
(1225, 1544)
(1224, 1544)
(1223, 1544)
(1222, 1544)
(1221, 1544)
(1220, 1544)
(1219, 1544)
(1218, 1544)
(1217, 1544)
(1216, 1544)
(1215, 1544)
(1214, 1544)
(1213, 1544)
(1212, 1544)
(1211, 1544)
(1210, 1544)
(1209, 1544)
(1208, 1544)
(1207, 1544)
(1206, 1544)
(1205, 1543)
(1204, 1543)
(1203, 1543)
(1202, 1543)
(1201, 1543)
(1200, 1543)
(1199, 1543)
(1198, 1543)
(1197, 1543)
(1196, 1543)
(1195, 1543)
(1194, 1543)
(1193, 1543)
(1192, 1543)
(1191, 1543)
(1190, 1543)
(1189, 1543)
(1188, 1543)
(1187, 1543)
(1186, 1543)
(1185, 1543)
(1184, 1543)
(1183, 1543)
(1182, 1543)
(1181, 1543)
(1180, 1543)
(1179, 1543)
(1178, 1543)
(1177, 1543)
(1176, 1543)
(1175, 1543)
(1174, 1543)
(1173, 1543)
(1172, 1543)
(1171, 1543)
(1170, 1543)
(1169, 1543)
(1168, 1543)
(1167, 1543)
(1166, 1543)
(1165, 1543)
(1164, 1543)
(1163, 1543)
(1162, 1543)
(1161, 1543)
(1160, 1543)
(1159, 1543)
(1158, 1543)
(1157, 1543)
(1156, 1543)
(1155, 1543)
(1154, 1543)
(1153, 1543)
(1152, 1543)
(1151, 1543)
(1150, 1543)
(1149, 1543)
(1148, 1543)
(1147, 1543)
(1146, 1543)
(1145, 1543)
(1144, 1543)
(1143, 1543)
(1142, 1543)
(1141, 1543)
(1140, 1543)
(1139, 1543)
(1138, 1543)
(1137, 1543)
(1136, 1543)
(1135, 1543)
(1134, 1543)
(1133, 1543)
(1132, 1543)
(1131, 1543)
(1130, 1543)
(1129, 1542)
(1128, 1542)
(1127, 1542)
(1126, 1542)
(1125, 1542)
(1124, 1542)
(1123, 1542)
(1122, 1542)
(1121, 1542)
(1120, 1542)
(1119, 1542)
(1118, 1542)
(1117, 1542)
(1116, 1542)
(1115, 1542)
(1114, 1542)
(1113, 1542)
(1112, 1542)
(1111, 1542)
(1110, 1542)
(1109, 1542)
(1108, 1542)
(1107, 1542)
(1106, 1542)
(1105, 1542)
(1104, 1542)
(1103, 1542)
(1102, 1542)
(1101, 1542)
(1100, 1542)
(1099, 1542)
(1098, 1542)
(1097, 1542)
(1096, 1542)
(1095, 1542)
(1094, 1542)
(1093, 1542)
(1092, 1542)
(1091, 1542)
(1090, 1542)
(1089, 1542)
(1088, 1542)
(1087, 1542)
(1086, 1542)
(1085, 1542)
(1084, 1542)
(1083, 1542)
(1082, 1542)
(1081, 1542)
(1080, 1542)
(1079, 1542)
(1078, 1542)
(1077, 1542)
(1076, 1542)
(1075, 1542)
(1074, 1542)
(1073, 1542)
(1072, 1542)
(1071, 1542)
(1070, 1542)
(1069, 1542)
(1068, 1542)
(1067, 1542)
(1066, 1542)
(1065, 1542)
(1064, 1541)
(1063, 1541)
(1062, 1541)
(1061, 1541)
(1060, 1541)
(1059, 1541)
(1058, 1541)
(1057, 1541)
(1056, 1541)
(1055, 1541)
(1054, 1541)
(1053, 1541)
(1052, 1541)
(1051, 1541)
(1050, 1541)
(1049, 1541)
(1048, 1541)
(1047, 1541)
(1046, 1541)
(1045, 1541)
(1044, 1541)
(1043, 1541)
(1042, 1541)
(1041, 1541)
(1040, 1541)
(1039, 1541)
(1038, 1541)
(1037, 1541)
(1036, 1541)
(1035, 1541)
(1034, 1541)
(1033, 1541)
(1032, 1541)
(1031, 1541)
(1030, 1541)
(1029, 1541)
(1028, 1541)
(1027, 1541)
(1026, 1541)
(1025, 1541)
(1024, 1541)
(1023, 1541)
(1022, 1541)
(1021, 1541)
(1020, 1541)
(1019, 1541)
(1018, 1541)
(1017, 1541)
(1016, 1541)
(1015, 1541)
(1014, 1541)
(1013, 1541)
(1012, 1541)
(1011, 1541)
(1010, 1541)
(1009, 1541)
(1008, 1541)
(1007, 1541)
(1006, 1541)
(1005, 1541)
(1004, 1541)
(1003, 1541)
(1002, 1541)
(1001, 1541)
(1000, 1541)
(999, 1541)
(998, 1541)
(997, 1541)
(996, 1541)
(995, 1541)
(994, 1541)
(993, 1541)
(992, 1541)
(991, 1541)
(990, 1541)
(989, 1541)
(988, 1541)
(987, 1541)
(986, 1541)
(985, 1541)
(984, 1541)
(983, 1541)
(982, 1541)
(981, 1541)
(980, 1541)
(979, 1541)
(978, 1541)
(977, 1541)
(976, 1541)
(975, 1541)
(974, 1541)
(973, 1541)
(972, 1541)
(971, 1541)
(970, 1541)
(969, 1541)
(968, 1541)
(967, 1541)
(966, 1541)
(965, 1541)
(964, 1541)
(963, 1541)
(962, 1541)
(961, 1541)
(960, 1541)
(959, 1541)
(958, 1541)
(957, 1541)
(956, 1541)
(955, 1541)
(954, 1541)
(953, 1541)
(952, 1541)
(951, 1541)
(950, 1541)
(949, 1541)
(948, 1541)
(947, 1541)
(946, 1541)
(945, 1541)
(944, 1541)
(943, 1541)
(942, 1541)
(941, 1541)
(940, 1541)
(939, 1541)
(938, 1541)
(937, 1541)
(936, 1541)
(935, 1541)
(934, 1541)
(933, 1541)
(932, 1541)
(931, 1541)
(930, 1541)
(929, 1541)
(928, 1541)
(927, 1541)
(926, 1540)
(925, 1540)
(924, 1540)
(923, 1540)
(922, 1540)
(921, 1540)
(920, 1540)
(919, 1540)
(918, 1540)
(917, 1540)
(916, 1540)
(915, 1540)
(914, 1540)
(913, 1540)
(912, 1540)
(911, 1540)
(910, 1540)
(909, 1540)
(908, 1540)
(907, 1540)
(906, 1540)
(905, 1540)
(904, 1540)
(903, 1540)
(902, 1540)
(901, 1540)
(900, 1540)
(899, 1540)
(898, 1540)
(897, 1540)
(896, 1540)
(895, 1540)
(894, 1540)
(893, 1540)
(892, 1540)
(891, 1540)
(890, 1540)
(889, 1540)
(888, 1540)
(887, 1540)
(886, 1540)
(885, 1540)
(884, 1540)
(883, 1540)
(882, 1540)
(881, 1540)
(880, 1540)
(879, 1540)
(878, 1540)
(877, 1540)
(876, 1540)
(875, 1540)
(874, 1540)
(873, 1540)
(872, 1540)
(871, 1540)
(870, 1540)
(869, 1540)
(868, 1540)
(867, 1540)
(866, 1540)
(865, 1540)
(864, 1540)
(863, 1540)
(862, 1540)
(861, 1540)
(860, 1540)
(859, 1540)
(858, 1540)
(857, 1540)
(856, 1540)
(855, 1540)
(854, 1540)
(853, 1540)
(852, 1540)
(851, 1540)
(850, 1540)
(849, 1540)
(848, 1540)
(847, 1540)
(846, 1540)
(845, 1540)
(844, 1540)
(843, 1540)
(842, 1540)
(841, 1540)
(840, 1540)
(839, 1540)
(838, 1540)
(837, 1540)
(836, 1540)
(835, 1540)
(834, 1540)
(833, 1540)
(832, 1540)
(831, 1540)
(830, 1540)
(829, 1540)
(828, 1540)
(827, 1540)
(826, 1540)
(825, 1540)
(824, 1540)
(823, 1540)
(822, 1540)
(821, 1540)
(820, 1540)
(819, 1540)
(818, 1540)
(817, 1540)
(816, 1540)
(815, 1540)
(814, 1540)
(813, 1540)
(812, 1540)
(811, 1540)
(810, 1540)
(809, 1540)
(808, 1540)
(807, 1540)
(806, 1540)
(805, 1540)
(804, 1540)
(803, 1540)
(802, 1540)
(801, 1540)
(800, 1540)
(799, 1540)
(798, 1540)
(797, 1540)
(796, 1540)
(795, 1540)
(794, 1540)
(793, 1540)
(792, 1540)
(791, 1540)
(790, 1540)
(789, 1540)
(788, 1540)
(787, 1540)
(786, 1540)
(785, 1540)
(784, 1540)
(783, 1540)
(782, 1540)
(781, 1540)
(780, 1540)
(779, 1540)
(778, 1540)
(777, 1540)
(776, 1540)
(775, 1540)
(774, 1540)
(773, 1540)
(772, 1540)
(771, 1540)
(770, 1540)
(769, 1540)
(768, 1540)
(767, 1540)
(766, 1540)
(765, 1540)
(764, 1540)
(763, 1540)
(762, 1540)
(761, 1540)
(760, 1540)
(759, 1540)
(758, 1540)
(757, 1540)
(756, 1540)
(755, 1540)
(754, 1540)
(753, 1539)
(752, 1539)
(751, 1539)
(750, 1539)
(749, 1539)
(748, 1539)
(747, 1539)
(746, 1539)
(745, 1539)
(744, 1539)
(743, 1539)
(742, 1539)
(741, 1539)
(740, 1539)
(739, 1539)
(738, 1539)
(737, 1539)
(736, 1539)
(735, 1539)
(734, 1539)
(733, 1539)
(732, 1539)
(731, 1539)
(730, 1539)
(729, 1539)
(728, 1539)
(727, 1539)
(726, 1539)
(725, 1539)
(724, 1539)
(723, 1539)
(722, 1539)
(721, 1539)
(720, 1539)
(719, 1539)
(718, 1539)
(717, 1539)
(716, 1539)
(715, 1539)
(714, 1539)
(713, 1539)
(712, 1539)
(711, 1539)
(710, 1539)
(709, 1539)
(708, 1539)
(707, 1539)
(706, 1539)
(705, 1539)
(704, 1539)
(703, 1539)
(702, 1539)
(701, 1539)
(700, 1539)
(699, 1539)
(698, 1539)
(697, 1539)
(696, 1539)
(695, 1539)
(694, 1539)
(693, 1539)
(692, 1539)
(691, 1539)
(690, 1539)
(689, 1539)
(688, 1539)
(687, 1539)
(686, 1539)
(685, 1539)
(684, 1539)
(683, 1539)
(682, 1539)
(681, 1539)
(680, 1539)
(679, 1539)
(678, 1539)
(677, 1539)
(676, 1539)
(675, 1539)
(674, 1539)
(673, 1539)
(672, 1539)
(671, 1539)
(670, 1539)
(669, 1539)
(668, 1539)
(667, 1539)
(666, 1539)
(665, 1539)
(664, 1539)
(663, 1539)
(662, 1539)
(661, 1539)
(660, 1539)
(659, 1539)
(658, 1539)
(657, 1539)
(656, 1539)
(655, 1539)
(654, 1539)
(653, 1539)
(652, 1539)
(651, 1539)
(650, 1539)
(649, 1539)
(648, 1539)
(647, 1539)
(646, 1539)
(645, 1539)
(644, 1539)
(643, 1539)
(642, 1539)
(641, 1539)
(640, 1539)
(639, 1539)
(638, 1539)
(637, 1539)
(636, 1539)
(635, 1539)
(634, 1539)
(633, 1539)
(632, 1539)
(631, 1539)
(630, 1539)
(629, 1539)
(628, 1539)
(627, 1539)
(626, 1539)
(625, 1539)
(624, 1539)
(623, 1539)
(622, 1539)
(621, 1539)
(620, 1539)
(619, 1539)
(618, 1539)
(617, 1539)
(616, 1539)
(615, 1539)
(614, 1539)
(613, 1539)
(612, 1539)
(611, 1539)
(610, 1539)
(609, 1539)
(608, 1539)
(607, 1539)
(606, 1539)
(605, 1539)
(604, 1539)
(603, 1538)
(602, 1538)
(601, 1538)
(600, 1538)
(599, 1538)
(598, 1538)
(597, 1538)
(596, 1538)
(595, 1538)
(594, 1538)
(593, 1538)
(592, 1538)
(591, 1538)
(590, 1538)
(589, 1538)
(588, 1538)
(587, 1538)
(586, 1538)
(585, 1538)
(584, 1538)
(583, 1538)
(582, 1538)
(581, 1538)
(580, 1538)
(579, 1538)
(578, 1538)
(577, 1538)
(576, 1538)
(575, 1538)
(574, 1538)
(573, 1538)
(572, 1538)
(571, 1538)
(570, 1538)
(569, 1538)
(568, 1538)
(567, 1538)
(566, 1538)
(565, 1538)
(564, 1538)
(563, 1538)
(562, 1538)
(561, 1538)
(560, 1538)
(559, 1538)
(558, 1538)
(557, 1538)
(556, 1538)
(555, 1538)
(554, 1538)
(553, 1538)
(552, 1538)
(551, 1538)
(550, 1538)
(549, 1538)
(548, 1538)
(547, 1538)
(546, 1538)
(545, 1538)
(544, 1538)
(543, 1538)
(542, 1538)
(541, 1538)
(540, 1538)
(539, 1538)
(538, 1538)
(537, 1538)
(536, 1538)
(535, 1538)
(534, 1538)
(533, 1538)
(532, 1538)
(531, 1538)
(530, 1538)
(529, 1538)
(528, 1538)
(527, 1538)
(526, 1538)
(525, 1538)
(524, 1538)
(523, 1538)
(522, 1538)
(521, 1538)
(520, 1538)
(519, 1538)
(518, 1538)
(517, 1538)
(516, 1538)
(515, 1538)
(514, 1538)
(513, 1538)
(512, 1538)
(511, 1538)
(510, 1538)
(509, 1538)
(508, 1538)
(507, 1538)
(506, 1538)
(505, 1538)
(504, 1538)
(503, 1538)
(502, 1538)
(501, 1538)
(500, 1538)
(499, 1538)
(498, 1538)
(497, 1538)
(496, 1538)
(495, 1538)
(494, 1538)
(493, 1538)
(492, 1538)
(491, 1538)
(490, 1538)
(489, 1538)
(488, 1538)
(487, 1538)
(486, 1538)
(485, 1538)
(484, 1538)
(483, 1538)
(482, 1538)
(481, 1538)
(480, 1538)
(479, 1538)
(478, 1538)
(477, 1538)
(476, 1538)
(475, 1538)
(474, 1538)
(473, 1538)
(472, 1538)
(471, 1538)
(470, 1538)
(469, 1538)
(468, 1538)
(467, 1538)
(466, 1538)
(465, 1538)
(464, 1538)
(463, 1538)
(462, 1538)
(461, 1538)
(460, 1538)
(459, 1538)
(458, 1538)
(457, 1537)
(456, 1537)
(455, 1537)
(454, 1537)
(453, 1537)
(452, 1537)
(451, 1537)
(450, 1537)
(449, 1537)
(448, 1537)
(447, 1537)
(446, 1537)
(445, 1537)
(444, 1537)
(443, 1537)
(442, 1537)
(441, 1537)
(440, 1537)
(439, 1537)
(438, 1537)
(437, 1537)
(436, 1537)
(435, 1537)
(434, 1537)
(433, 1537)
(432, 1537)
(431, 1537)
(430, 1537)
(429, 1537)
(428, 1537)
(427, 1537)
(426, 1537)
(425, 1537)
(424, 1537)
(423, 1537)
(422, 1537)
(421, 1537)
(420, 1537)
(419, 1537)
(418, 1537)
(417, 1537)
(416, 1537)
(415, 1537)
(414, 1537)
(413, 1537)
(412, 1537)
(411, 1537)
(410, 1537)
(409, 1537)
(408, 1537)
(407, 1537)
(406, 1537)
(405, 1537)
(404, 1537)
(403, 1537)
(402, 1537)
(401, 1537)
(400, 1537)
(399, 1537)
(398, 1537)
(397, 1537)
(396, 1537)
(395, 1537)
(394, 1537)
(393, 1537)
(392, 1537)
(391, 1537)
(390, 1537)
(389, 1537)
(388, 1537)
(387, 1537)
(386, 1537)
(385, 1537)
(384, 1537)
(383, 1537)
(382, 1537)
(381, 1537)
(380, 1537)
(379, 1537)
(378, 1537)
(377, 1537)
(376, 1537)
(375, 1537)
(374, 1537)
(373, 1537)
(372, 1537)
(371, 1537)
(370, 1537)
(369, 1537)
(368, 1537)
(367, 1537)
(366, 1537)
(365, 1537)
(364, 1537)
(363, 1537)
(362, 1537)
(361, 1537)
(360, 1537)
(359, 1537)
(358, 1537)
(357, 1537)
(356, 1537)
(355, 1537)
(354, 1537)
(353, 1537)
(352, 1537)
(351, 1537)
(350, 1537)
(349, 1537)
(348, 1537)
(347, 1537)
(346, 1537)
(345, 1537)
(344, 1537)
(343, 1537)
(342, 1537)
(341, 1537)
(340, 1537)
(339, 1537)
(338, 1537)
(337, 1537)
(336, 1537)
(335, 1537)
(334, 1537)
(333, 1537)
(332, 1537)
(331, 1537)
(330, 1537)
(329, 1537)
(328, 1536)
(327, 1536)
(326, 1536)
(325, 1536)
(324, 1536)
(323, 1536)
(322, 1536)
(321, 1536)
(320, 1536)
(319, 1536)
(318, 1536)
(317, 1536)
(316, 1536)
(315, 1536)
(314, 1536)
(313, 1536)
(312, 1536)
(311, 1536)
(310, 1536)
(309, 1536)
(308, 1536)
(307, 1536)
(306, 1536)
(305, 1536)
(304, 1536)
(303, 1536)
(302, 1536)
(301, 1536)
(300, 1536)
(299, 1536)
(298, 1536)
(297, 1536)
(296, 1536)
(295, 1536)
(294, 1536)
(293, 1536)
(292, 1536)
(291, 1536)
(290, 1536)
(289, 1536)
(288, 1536)
(287, 1536)
(286, 1536)
(285, 1536)
(284, 1536)
(283, 1536)
(282, 1536)
(281, 1536)
(280, 1536)
(279, 1536)
(278, 1536)
(277, 1536)
(276, 1536)
(275, 1536)
(274, 1536)
(273, 1536)
(272, 1536)
(271, 1536)
(270, 1536)
(269, 1536)
(268, 1536)
(267, 1536)
(266, 1536)
(265, 1536)
(264, 1536)
(263, 1536)
(262, 1536)
(261, 1536)
(260, 1536)
(259, 1536)
(258, 1536)
(257, 1536)
(256, 1536)
(255, 1536)
(254, 1536)
(253, 1536)
(252, 1536)
(251, 1536)
(250, 1536)
(249, 1536)
(248, 1536)
(247, 1536)
(246, 1536)
(245, 1536)
(244, 1536)
(243, 1536)
(242, 1536)
(241, 1536)
(240, 1536)
(239, 1536)
(238, 1536)
(237, 1536)
(236, 1536)
(235, 1536)
(234, 1536)
(233, 1536)
(232, 1536)
(231, 1536)
(230, 1535)
(229, 1535)
(228, 1535)
(227, 1535)
(226, 1535)
(225, 1535)
(224, 1535)
(223, 1535)
(222, 1535)
(221, 1535)
(220, 1535)
(219, 1535)
(218, 1535)
(217, 1535)
(216, 1535)
(215, 1535)
(214, 1535)
(213, 1535)
(212, 1535)
(211, 1535)
(210, 1535)
(209, 1535)
(208, 1535)
(207, 1535)
(206, 1535)
(205, 1535)
(204, 1535)
(203, 1535)
(202, 1535)
(201, 1535)
(200, 1535)
(199, 1535)
(198, 1535)
(197, 1535)
(196, 1535)
(195, 1535)
(194, 1535)
(193, 1535)
(192, 1535)
(191, 1535)
(190, 1535)
(189, 1535)
(188, 1535)
(187, 1535)
(186, 1535)
(185, 1535)
(184, 1535)
(183, 1535)
(182, 1535)
(181, 1535)
(180, 1535)
(179, 1535)
(178, 1535)
(177, 1535)
(176, 1535)
(175, 1535)
(174, 1535)
(173, 1535)
(172, 1535)
(171, 1535)
(170, 1535)
(169, 1535)
(168, 1535)
(167, 1535)
(166, 1535)
(165, 1535)
(164, 1535)
(163, 1535)
(162, 1535)
(161, 1535)
(160, 1535)
(159, 1535)
(158, 1535)
(157, 1535)
(156, 1535)
(155, 1535)
(154, 1535)
(153, 1535)
(152, 1535)
(151, 1535)
(150, 1535)
(149, 1535)
(148, 1535)
(147, 1535)
(146, 1535)
(145, 1535)
(144, 1535)
(143, 1535)
(142, 1535)
(141, 1535)
(140, 1535)
(139, 1535)
(138, 1535)
(137, 1535)
(136, 1535)
(135, 1535)
(134, 1535)
(133, 1535)
(132, 1535)
(131, 1535)
(130, 1535)
(129, 1535)
(128, 1535)
(127, 1535)
(126, 1534)
(125, 1534)
(124, 1534)
(123, 1534)
(122, 1534)
(121, 1534)
(120, 1534)
(119, 1534)
(118, 1534)
(117, 1534)
(116, 1534)
(115, 1534)
(114, 1534)
(113, 1534)
(112, 1534)
(111, 1534)
(110, 1534)
(109, 1534)
(108, 1534)
(107, 1534)
(106, 1534)
(105, 1534)
(104, 1534)
(103, 1534)
(102, 1534)
(101, 1534)
(100, 1534)
(99, 1534)
(98, 1534)
(97, 1534)
(96, 1534)
(95, 1534)
(94, 1534)
(93, 1534)
(92, 1534)
(91, 1534)
(90, 1534)
(89, 1534)
(88, 1534)
(87, 1534)
(86, 1534)
(85, 1534)
(84, 1534)
(83, 1534)
(82, 1534)
(81, 1534)
(80, 1534)
(79, 1534)
(78, 1534)
(77, 1534)
(76, 1534)
(75, 1534)
(74, 1534)
(73, 1534)
(72, 1534)
(71, 1534)
(70, 1534)
(69, 1534)
(68, 1534)
(67, 1534)
(66, 1534)
(65, 1534)
(64, 1534)
(63, 1534)
(62, 1534)
(61, 1534)
(60, 1534)
(59, 1534)
(58, 1534)
(57, 1534)
(56, 1534)
(55, 1534)
(54, 1534)
(53, 1534)
(52, 1534)
(51, 1534)
(50, 1534)
(49, 1534)
(48, 1534)
(47, 1534)
(46, 1534)
(45, 1534)
(44, 1534)
(43, 1534)
(42, 1534)
(41, 1534)
(40, 1534)
(39, 1534)
(38, 1534)
(37, 1534)