(36, 1534)
(36, 1539)
(136, 1539)
(137, 1540)
(223, 1540)
(224, 1541)
(352, 1541)
(353, 1542)
(541, 1542)
(542, 1543)
(565, 1543)
(566, 1544)
(769, 1544)
(770, 1545)
(1004, 1545)
(1005, 1546)
(1050, 1546)
(1051, 1547)
(1144, 1547)
(1145, 1548)
(1218, 1548)
(1219, 1549)
(1263, 1549)
(1264, 1550)
(1332, 1550)
(1333, 1551)
(1374, 1551)
(1375, 1552)
(1429, 1552)
(1430, 1553)
(1520, 1553)
(1521, 1554)
(1541, 1554)
(1542, 1555)
(1609, 1555)
(1610, 1556)
(1620, 1556)
(1621, 1557)
(1666, 1557)
(1667, 1558)
(1717, 1558)
(1718, 1559)
(1776, 1559)
(1777, 1560)
(1804, 1560)
(1805, 1561)
(1835, 1561)
(1836, 1562)
(1916, 1562)
(1916, 1559)
(1909, 1559)
(1908, 1558)
(1880, 1558)
(1879, 1557)
(1847, 1557)
(1846, 1556)
(1794, 1556)
(1793, 1555)
(1763, 1555)
(1762, 1554)
(1720, 1554)
(1719, 1553)
(1676, 1553)
(1675, 1552)
(1618, 1552)
(1617, 1551)
(1583, 1551)
(1582, 1550)
(1551, 1550)
(1550, 1549)
(1493, 1549)
(1492, 1548)
(1437, 1548)
(1436, 1547)
(1385, 1547)
(1384, 1546)
(1315, 1546)
(1314, 1545)
(1264, 1545)
(1263, 1544)
(1206, 1544)
(1205, 1543)
(1130, 1543)
(1129, 1542)
(1065, 1542)
(1064, 1541)
(927, 1541)
(926, 1540)
(754, 1540)
(753, 1539)
(604, 1539)
(603, 1538)
(458, 1538)
(457, 1537)
(329, 1537)
(328, 1536)
(231, 1536)
(230, 1535)
(127, 1535)
(126, 1534)